 TR_ms B1_uT dwRF_Hz_3T Tsat_ms ppm
0 15000 0.001 10000 0 78.28
1 3500 2.0 383 2500 3.0
2 3500 2.0 383 2500 3.0
3 3500 1.7 383 2500 3.0
4 3500 1.5 383 2500 3.0
5 3500 1.2 383 2500 3.0
6 3500 1.2 383 2500 3.0
7 3500 3.0 383 2500 3.0
8 3500 0.5 383 2500 3.0
9 3500 3.0 383 2500 3.0
10 3500 1.0 383 2500 3.0
11 3500 2.2 383 2500 3.0
12 3500 3.2 383 2500 3.0
13 3500 1.5 383 2500 3.0
14 3500 0.7 383 2500 3.0
15 3500 1.5 383 2500 3.0
16 3500 2.2 383 2500 3.0
17 3500 2.5 383 2500 3.0
18 3500 1.2 383 2500 3.0
19 3500 3.0 383 2500 3.0
20 3500 0.2 383 2500 3.0
21 3500 1.5 383 2500 3.0
22 3500 2.5 383 2500 3.0
23 3500 0.7 383 2500 3.0
24 3500 4.0 383 2500 3.0
25 3500 3.2 383 2500 3.0
26 3500 3.5 383 2500 3.0
27 3500 1.5 383 2500 3.0
28 3500 2.7 383 2500 3.0
29 3500 0.7 383 2500 3.0
30 3500 0.5 383 2500 3.0
