 TR_ms B1_uT dwRF_Hz_3T Tsat_ms ppm
0 15000 0.001 -10000.0 0 -78.28
1 3500 2.0 -446.83333333333337 2500 -3.5
2 3500 2.0 -446.83333333333337 2500 -3.5
3 3500 1.7 -446.83333333333337 2500 -3.5
4 3500 1.5 -446.83333333333337 2500 -3.5
5 3500 1.2 -446.83333333333337 2500 -3.5
6 3500 1.2 -446.83333333333337 2500 -3.5
7 3500 3.0 -446.83333333333337 2500 -3.5
8 3500 0.5 -446.83333333333337 2500 -3.5
9 3500 3.0 -446.83333333333337 2500 -3.5
10 3500 1.0 -446.83333333333337 2500 -3.5
11 3500 2.2 -446.83333333333337 2500 -3.5
12 3500 3.2 -446.83333333333337 2500 -3.5
13 3500 1.5 -446.83333333333337 2500 -3.5
14 3500 0.7 -446.83333333333337 2500 -3.5
15 3500 1.5 -446.83333333333337 2500 -3.5
16 3500 2.2 -446.83333333333337 2500 -3.5
17 3500 2.5 -446.83333333333337 2500 -3.5
18 3500 1.2 -446.83333333333337 2500 -3.5
19 3500 3.0 -446.83333333333337 2500 -3.5
20 3500 0.2 -446.83333333333337 2500 -3.5
21 3500 1.5 -446.83333333333337 2500 -3.5
22 3500 2.5 -446.83333333333337 2500 -3.5
23 3500 0.7 -446.83333333333337 2500 -3.5
24 3500 4.0 -446.83333333333337 2500 -3.5
25 3500 3.2 -446.83333333333337 2500 -3.5
26 3500 3.5 -446.83333333333337 2500 -3.5
27 3500 1.5 -446.83333333333337 2500 -3.5
28 3500 2.7 -446.83333333333337 2500 -3.5
29 3500 0.7 -446.83333333333337 2500 -3.5
30 3500 0.5 -446.83333333333337 2500 -3.5
